0 60;0 0;92 63
125 188;0 188;109 118
125 0;257 0;147 47
110 61;98 61;109 50
98 61;110 61;103 64
257 120;257 188;150 118
0 60;92 63;94 78
0 0;125 0;92 63
121 56;119 65;110 61
119 65;121 56;128 64
257 188;125 188;150 118
0 188;0 120;109 118
0 120;0 60;94 78
109 118;0 120;99 105
158 55;257 0;165 60
257 0;158 55;147 47
257 0;257 60;165 60
257 60;257 120;164 89
92 63;125 0;109 50
92 63;103 64;94 78
103 64;92 63;98 61
134 55;136 64;128 64
136 64;134 55;145 59
98 61;92 63;109 50
109 50;134 55;121 56
134 55;109 50;147 47
109 50;125 0;147 47
109 50;121 56;110 61
119 65;117 83;112 66
117 83;119 65;129 74
110 61;119 65;112 66
121 56;134 55;128 64
134 55;147 47;145 59
147 47;158 55;145 59
165 60;257 60;165 72
158 55;165 60;154 62
165 72;257 60;164 89
154 62;165 72;146 64
165 72;154 62;165 60
136 64;129 74;128 64
129 74;136 64;141 80
0 120;94 78;97 89
94 78;103 64;112 66
103 64;110 61;112 66
117 83;94 78;112 66
94 78;117 83;97 89
129 74;119 65;128 64
158 55;154 62;145 59
145 59;154 62;146 64
141 80;136 64;146 64
136 64;145 59;146 64
165 72;141 80;146 64
141 80;165 72;164 89
114 97;117 83;123 90
117 83;114 97;97 89
99 105;114 97;109 118
114 97;99 105;97 89
0 120;97 89;99 105
150 118;125 188;129 129
164 89;257 120;162 102
129 74;141 80;127 84
123 90;135 101;124 101
135 101;123 90;137 91
117 83;129 74;127 84
127 84;137 91;123 90
137 91;127 84;141 80
117 83;127 84;123 90
141 80;164 89;147 95
109 118;114 97;124 101
137 91;141 80;147 95
114 97;123 90;124 101
147 95;150 118;135 101
150 118;147 95;162 102
137 91;147 95;135 101
147 95;164 89;162 102
124 101;129 129;109 118
129 129;124 101;135 101
135 101;150 118;129 129
125 188;109 118;129 129
257 120;150 118;162 102
