6 0 10
5 2 42
4 1 17
10 12 11
12 10 4
9 3 45
6 10 18
0 4 10
20 28 19
28 20 21
3 5 44
2 7 42
7 6 18
42 7 41
13 15 14
15 13 4
1 8 17
45 3 44
8 9 30
7 18 27
20 11 12
11 20 19
10 11 18
21 20 13
4 13 12
14 22 13
22 14 23
12 13 20
15 4 17
24 14 15
14 24 23
15 17 16
17 26 25
26 17 8
15 16 24
26 8 30
16 17 25
18 11 19
22 31 21
31 22 23
18 19 27
21 13 22
27 19 28
21 31 32
26 34 29
34 26 30
31 23 29
24 29 23
29 24 25
16 25 24
29 25 26
35 32 36
32 35 27
35 42 41
42 35 39
7 27 41
28 21 32
27 28 32
44 5 43
30 9 45
31 34 33
34 31 29
31 33 32
39 37 40
37 39 36
32 33 36
33 37 36
37 33 34
34 30 38
27 35 41
35 36 39
37 34 38
37 38 40
38 30 45
44 40 38
40 44 43
39 43 42
43 39 40
44 38 45
5 42 43
