0 60;0 0;92 63
125 188;0 188;111 118
125 0;257 0;166 65
92 63;115 56;103 64
115 56;92 63;125 0
257 120;257 188;159 109
0 60;92 63;96 76
0 0;125 0;92 63
116 64;116 70;108 68
116 70;116 64;123 67
257 188;125 188;149 119
0 188;0 120;111 118
0 120;0 60;96 76
111 118;0 120;101 106
127 58;148 57;138 61
148 57;127 58;125 0
257 0;257 60;166 65
159 109;257 188;149 119
257 60;257 120;163 92
0 120;96 76;98 89
116 64;103 64;115 56
103 64;116 64;108 68
92 63;103 64;96 76
123 67;116 64;127 58
125 0;127 58;115 56
138 61;131 67;127 58
131 67;138 61;140 68
115 56;127 58;116 64
148 57;125 0;166 65
148 66;138 61;148 57
138 61;148 66;140 68
148 57;166 65;159 63
166 65;163 78;155 70
163 78;166 65;257 60
148 57;159 63;148 66
163 78;257 60;163 92
159 63;166 65;155 70
96 76;103 64;108 68
131 67;133 78;123 67
133 78;131 67;140 68
96 76;108 68;98 89
123 67;127 58;131 67
98 89;108 68;116 70
123 67;133 78;124 84
163 78;140 84;147 72
140 84;163 78;163 92
133 78;140 68;147 72
148 66;147 72;140 68
147 72;148 66;155 70
159 63;155 70;148 66
147 72;155 70;163 78
117 97;124 84;126 92
124 84;117 97;98 89
117 97;111 118;101 106
111 118;117 97;124 105
0 120;98 89;101 106
116 70;123 67;124 84
98 89;116 70;124 84
149 119;125 188;129 128
163 92;257 120;159 109
133 78;140 84;132 86
140 84;133 78;147 72
133 78;132 86;124 84
124 105;133 93;135 105
133 93;124 105;126 92
124 84;132 86;126 92
132 86;133 93;126 92
133 93;132 86;140 84
140 84;163 92;145 98
98 89;117 97;101 106
117 97;126 92;124 105
133 93;140 84;145 98
133 93;145 98;135 105
145 98;163 92;159 109
149 119;135 105;145 98
135 105;149 119;129 128
124 105;129 128;111 118
129 128;124 105;135 105
149 119;145 98;159 109
125 188;111 118;129 128
